              precision    recall  f1-score   support

         AVH       0.55      0.88      0.68       170
         BDH       0.84      0.81      0.83      1583
         BOR       0.63      0.86      0.73      6357
         BTA       0.44      0.48      0.46       452
         BTH       0.60      0.80      0.68       628
         CEE       0.50      0.57      0.53       395
         JAC       0.45      0.51      0.48      4615
         LUZ       0.67      0.71      0.69      1814
         MDI       0.55      0.82      0.66       163
         MLC       0.56      0.73      0.63       226
         MLG       0.73      0.51      0.60       424
         MLO       0.93      0.97      0.95       304
         OLI       0.46      0.68      0.55      1298
         ORH       0.87      0.87      0.87       679
         PCH       0.83      0.95      0.88       240
         PPH       0.55      0.54      0.55      4736
         PTR       0.45      0.27      0.34      2201
         SAI       0.45      0.84      0.59       253
         SIN       0.57      0.51      0.54        89
         SNE       0.47      0.27      0.34      5800
         SOG       0.77      0.92      0.83       283
         SPH       0.56      0.70      0.62      3792
         SPL       0.60      0.60      0.60      2278
         TRU       0.42      0.43      0.42       134
         VRC       0.97      0.92      0.94     39089
         VRG       0.54      0.63      0.58       726

    accuracy                           0.76     78729
   macro avg       0.61      0.68      0.64     78729
weighted avg       0.77      0.76      0.76     78729
